11 1
21 2
31 3
41 4
51 5
61 6
71 7
81 8
91 9
32 1 2 
42 1 3 
162 7 9 
172 8 9 
63 1 2 3 
73 1 2 4 
233 6 8 9 
243 7 8 9 
104 1 2 3 4 
114 1 2 3 5 
294 5 7 8 9 
304 6 7 8 9 
155 1 2 3 4 5 
165 1 2 3 4 6 
345 4 6 7 8 9 
355 5 6 7 8 9 
216 1 2 3 4 5 6 
226 1 2 3 4 5 7 
386 3 5 6 7 8 9 
396 4 5 6 7 8 9 
287 1 2 3 4 5 6 7 
297 1 2 3 4 5 6 8 
417 2 4 5 6 7 8 9 
427 3 4 5 6 7 8 9 
368 1 2 3 4 5 6 7 8 
378 1 2 3 4 5 6 7 9 
388 1 2 3 4 5 6 8 9 
398 1 2 3 4 5 7 8 9 
408 1 2 3 4 6 7 8 9 
418 1 2 3 5 6 7 8 9 
428 1 2 4 5 6 7 8 9 
438 1 3 4 5 6 7 8 9 
448 2 3 4 5 6 7 8 9 
459 1 2 3 4 5 6 7 8 9 
